CustomerID,churn_probability,churn_prediction,risk
12346,0.838297,1,HIGH
12347,0.270148,0,LOW
12348,0.247177,0,LOW
12350,0.761462,1,HIGH
12352,0.409365,0,MEDIUM
12353,0.695676,1,HIGH
12354,0.631377,1,MEDIUM
12355,0.643226,1,MEDIUM
12356,0.451219,0,MEDIUM
12359,0.421885,0,MEDIUM
12360,0.531632,1,MEDIUM
12361,0.723219,1,HIGH
12362,0.466221,0,MEDIUM
12363,0.69632,1,HIGH
12365,0.706871,1,HIGH
12370,0.355383,0,MEDIUM
12372,0.459677,0,MEDIUM
12373,0.735665,1,HIGH
12377,0.344068,0,LOW
12383,0.139468,0,LOW
12386,0.501933,1,MEDIUM
12388,0.31175,0,LOW
12393,0.491192,0,MEDIUM
12394,0.64482,1,MEDIUM
12395,0.093031,0,LOW
12399,0.393868,0,MEDIUM
12401,0.742046,1,HIGH
12402,0.739911,1,HIGH
12407,0.483687,0,MEDIUM
12408,0.68847,1,HIGH
12410,0.686536,1,HIGH
12413,0.665149,1,HIGH
12414,0.315912,0,LOW
12415,0.001834,0,LOW
12417,0.148168,0,LOW
12421,0.756598,1,HIGH
12422,0.693151,1,HIGH
12423,0.074541,0,LOW
12426,0.570922,1,MEDIUM
12427,0.736678,1,HIGH
12428,0.097571,0,LOW
12429,0.636922,1,MEDIUM
12431,0.054704,0,LOW
12433,0.4904,0,MEDIUM
12434,0.704874,1,HIGH
12435,0.683346,1,HIGH
12437,0.058576,0,LOW
12441,0.728811,1,HIGH
12447,0.672296,1,HIGH
12451,0.182343,0,LOW
12455,0.460952,0,MEDIUM
12456,0.61641,1,MEDIUM
12457,0.523167,1,MEDIUM
12458,0.674249,1,HIGH
12462,0.70878,1,HIGH
12463,0.379338,0,MEDIUM
12464,0.476302,0,MEDIUM
12468,0.733022,1,HIGH
12471,0.033173,0,LOW
12472,0.205809,0,LOW
12474,0.074025,0,LOW
12476,0.081754,0,LOW
12477,0.437889,0,MEDIUM
12480,0.505309,1,MEDIUM
12481,0.079967,0,LOW
12483,0.300392,0,LOW
12484,0.636344,1,MEDIUM
12489,0.744954,1,HIGH
12490,0.500385,1,MEDIUM
12493,0.642128,1,MEDIUM
12494,0.26838,0,LOW
12500,0.277895,0,LOW
12501,0.521238,1,MEDIUM
12502,0.191564,0,LOW
12506,0.616123,1,MEDIUM
12507,0.683442,1,HIGH
12509,0.736634,1,HIGH
12510,0.731053,1,HIGH
12514,0.69846,1,HIGH
12515,0.768059,1,HIGH
12520,0.247096,0,LOW
12523,0.172578,0,LOW
12524,0.085292,0,LOW
12527,0.479974,0,MEDIUM
12528,0.440954,0,MEDIUM
12530,0.579686,1,MEDIUM
12539,0.234162,0,LOW
12540,0.030645,0,LOW
12541,0.668294,1,HIGH
12545,0.665856,1,HIGH
12547,0.561493,1,MEDIUM
12551,0.734898,1,HIGH
12553,0.114213,0,LOW
12557,0.358743,0,MEDIUM
12559,0.483889,0,MEDIUM
12561,0.702419,1,HIGH
12562,0.604388,1,MEDIUM
12564,0.711399,1,HIGH
12565,0.690796,1,HIGH
12567,0.133242,0,LOW
12569,0.235085,0,LOW
12573,0.693974,1,HIGH
12574,0.690081,1,HIGH
12576,0.449343,0,MEDIUM
12577,0.709952,1,HIGH
12578,0.694162,1,HIGH
12580,0.653685,1,HIGH
12582,0.446677,0,MEDIUM
12583,0.063117,0,LOW
12584,0.741232,1,HIGH
12585,0.540933,1,MEDIUM
12590,0.562988,1,MEDIUM
12591,0.727045,1,HIGH
12592,0.646055,1,MEDIUM
12593,0.596728,1,MEDIUM
12594,0.087183,0,LOW
12596,0.699328,1,HIGH
12597,0.702619,1,HIGH
12598,0.377181,0,MEDIUM
12599,0.437665,0,MEDIUM
12600,0.081247,0,LOW
12601,0.142566,0,LOW
12604,0.699997,1,HIGH
12609,0.749586,1,HIGH
12613,0.309197,0,LOW
12614,0.677267,1,HIGH
12616,0.740583,1,HIGH
12619,0.505873,1,MEDIUM
12620,0.586687,1,MEDIUM
12621,0.020067,0,LOW
12622,0.731331,1,HIGH
12623,0.711983,1,HIGH
12625,0.384379,0,MEDIUM
12626,0.534586,1,MEDIUM
12633,0.383845,0,MEDIUM
12637,0.194229,0,LOW
12639,0.676794,1,HIGH
12643,0.592605,1,MEDIUM
12645,0.525071,1,MEDIUM
12647,0.140515,0,LOW
12649,0.646723,1,MEDIUM
12651,0.725334,1,HIGH
12652,0.719938,1,HIGH
12653,0.693635,1,HIGH
12654,0.488911,0,MEDIUM
12656,0.36799,0,MEDIUM
12662,0.177573,0,LOW
12664,0.581498,1,MEDIUM
12665,0.69482,1,HIGH
12668,0.239602,0,LOW
12669,0.370592,0,MEDIUM
12670,0.381519,0,MEDIUM
12672,0.701906,1,HIGH
12673,0.701499,1,HIGH
12674,0.581309,1,MEDIUM
12676,0.508056,1,MEDIUM
12678,0.209043,0,LOW
12679,0.495554,0,MEDIUM
12681,0.015659,0,LOW
12682,0.01389,0,LOW
12683,0.057327,0,LOW
12684,0.27191,0,LOW
12686,0.725932,1,HIGH
12690,0.579872,1,MEDIUM
12691,0.573589,1,MEDIUM
12693,0.203088,0,LOW
12695,0.648402,1,MEDIUM
12700,0.587648,1,MEDIUM
12701,0.68996,1,HIGH
12705,0.149429,0,LOW
12707,0.635797,1,MEDIUM
12708,0.066764,0,LOW
12709,0.07981,0,LOW
12710,0.579771,1,MEDIUM
12712,0.061959,0,LOW
12714,0.351748,0,MEDIUM
12717,0.644623,1,MEDIUM
12720,0.01623,0,LOW
12721,0.255911,0,LOW
12724,0.764861,1,HIGH
12725,0.769525,1,HIGH
12726,0.122905,0,LOW
12727,0.232319,0,LOW
12728,0.378604,0,MEDIUM
12731,0.057602,0,LOW
12733,0.719342,1,HIGH
12734,0.749372,1,HIGH
12735,0.623396,1,MEDIUM
12736,0.68839,1,HIGH
12738,0.809245,1,HIGH
12744,0.339893,0,LOW
12747,0.096519,0,LOW
12748,8e-05,0,LOW
12749,0.621576,1,MEDIUM
12753,0.119068,0,LOW
12754,0.186863,0,LOW
12755,0.618474,1,MEDIUM
12757,0.430808,0,MEDIUM
12758,0.648399,1,MEDIUM
12759,0.638282,1,MEDIUM
12763,0.764793,1,HIGH
12764,0.669687,1,HIGH
12766,0.101531,0,LOW
12769,0.645198,1,MEDIUM
12770,0.597578,1,MEDIUM
12775,0.287056,0,LOW
12778,0.361547,0,MEDIUM
12779,0.040056,0,LOW
12781,0.656797,1,HIGH
12782,0.300258,0,LOW
12785,0.756821,1,HIGH
12787,0.578533,1,MEDIUM
12790,0.623308,1,MEDIUM
12791,0.756969,1,HIGH
12792,0.663668,1,HIGH
12793,0.525786,1,MEDIUM
12797,0.726674,1,HIGH
12808,0.736254,1,HIGH
12811,0.359606,0,MEDIUM
12815,0.602679,1,MEDIUM
12817,0.766309,1,HIGH
12818,0.704224,1,HIGH
12820,0.726409,1,HIGH
12821,0.671807,1,HIGH
12823,0.422519,0,MEDIUM
12826,0.444609,0,MEDIUM
12829,0.511097,1,MEDIUM
12831,0.710965,1,HIGH
12834,0.66789,1,HIGH
12836,0.361461,0,MEDIUM
12838,0.672725,1,HIGH
12839,0.221332,0,LOW
12840,0.318966,0,LOW
12841,0.025859,0,LOW
12842,0.71928,1,HIGH
12843,0.306955,0,LOW
12845,0.424976,0,MEDIUM
12849,0.669445,1,HIGH
12852,0.657203,1,HIGH
12853,0.509395,1,MEDIUM
12854,0.50325,1,MEDIUM
12855,0.729499,1,HIGH
12857,0.479763,0,MEDIUM
12866,0.72117,1,HIGH
12867,0.091254,0,LOW
12868,0.109501,0,LOW
12871,0.645309,1,MEDIUM
12872,0.429136,0,MEDIUM
12873,0.745711,1,HIGH
12875,0.725433,1,HIGH
12876,0.59066,1,MEDIUM
12877,0.046471,0,LOW
12878,0.468097,0,MEDIUM
12881,0.706473,1,HIGH
12886,0.562558,1,MEDIUM
12888,0.487101,0,MEDIUM
12891,0.522851,1,MEDIUM
12897,0.556382,1,MEDIUM
12901,0.107276,0,LOW
12902,0.68566,1,HIGH
12908,0.726463,1,HIGH
12909,0.370494,0,MEDIUM
12910,0.427979,0,MEDIUM
12913,0.375601,0,MEDIUM
12915,0.750377,1,HIGH
12916,0.243082,0,LOW
12921,0.033603,0,LOW
12924,0.262257,0,LOW
12928,0.527004,1,MEDIUM
12929,0.728942,1,HIGH
12931,0.08478,0,LOW
12933,0.706169,1,HIGH
12935,0.527948,1,MEDIUM
12937,0.522545,1,MEDIUM
12939,0.247632,0,LOW
12942,0.597153,1,MEDIUM
12944,0.714198,1,HIGH
12945,0.716418,1,HIGH
12947,0.262201,0,LOW
12948,0.360433,0,MEDIUM
12949,0.334603,0,LOW
12951,0.170079,0,LOW
12955,0.212397,0,LOW
12956,0.740208,1,HIGH
12957,0.215945,0,LOW
12963,0.708974,1,HIGH
12967,0.46743,0,MEDIUM
12970,0.753826,1,HIGH
12971,0.023151,0,LOW
12974,0.580368,1,MEDIUM
12976,0.568997,1,MEDIUM
12980,0.120554,0,LOW
12982,0.651513,1,HIGH
12987,0.610406,1,MEDIUM
12988,0.625643,1,MEDIUM
12989,0.071374,0,LOW
12990,0.765313,1,HIGH
12993,0.482107,0,MEDIUM
12994,0.637313,1,MEDIUM
12997,0.552451,1,MEDIUM
12999,0.25875,0,LOW
13000,0.612973,1,MEDIUM
13001,0.034314,0,LOW
13002,0.758155,1,HIGH
13003,0.586012,1,MEDIUM
13004,0.0352,0,LOW
13005,0.695757,1,HIGH
13008,0.742056,1,HIGH
13011,0.807769,1,HIGH
13012,0.340746,0,LOW
13013,0.256732,0,LOW
13014,0.329955,0,LOW
13015,0.23962,0,LOW
13018,0.025373,0,LOW
13021,0.274792,0,LOW
13026,0.486099,0,MEDIUM
13027,0.23527,0,LOW
13029,0.767725,1,HIGH
13030,0.718361,1,HIGH
13033,0.762166,1,HIGH
13034,0.75724,1,HIGH
13035,0.658321,1,HIGH
13037,0.480737,0,MEDIUM
13038,0.694034,1,HIGH
13043,0.727269,1,HIGH
13044,0.712769,1,HIGH
13046,0.729542,1,HIGH
13047,0.128324,0,LOW
13048,0.532047,1,MEDIUM
13049,0.768504,1,HIGH
13050,0.043933,0,LOW
13052,0.640629,1,MEDIUM
13055,0.555202,1,MEDIUM
13059,0.677858,1,HIGH
13060,0.673546,1,HIGH
13064,0.731455,1,HIGH
13065,0.787924,1,HIGH
13068,0.691354,1,HIGH
13069,0.010453,0,LOW
13070,0.625961,1,MEDIUM
13072,0.658617,1,HIGH
13077,0.562882,1,MEDIUM
13078,0.036315,0,LOW
13081,0.003922,0,LOW
13082,0.207875,0,LOW
13085,0.721608,1,HIGH
13089,0.000606,0,LOW
13090,0.101823,0,LOW
13092,0.219204,0,LOW
13093,0.09247,0,LOW
13094,0.089564,0,LOW
13097,0.055243,0,LOW
13098,0.02648,0,LOW
13101,0.70962,1,HIGH
13102,0.026321,0,LOW
13104,0.609286,1,MEDIUM
13107,0.718735,1,HIGH
13108,0.731476,1,HIGH
13110,0.39118,0,MEDIUM
13113,0.021475,0,LOW
13117,0.07778,0,LOW
13118,0.196986,0,LOW
13120,0.677354,1,HIGH
13121,0.688845,1,HIGH
13122,0.650226,1,HIGH
13124,0.461829,0,MEDIUM
13126,0.215263,0,LOW
13132,0.707695,1,HIGH
13133,0.443397,0,MEDIUM
13134,0.54105,1,MEDIUM
13135,0.586202,1,MEDIUM
13136,0.597958,1,MEDIUM
13137,0.349108,0,LOW
13138,0.558393,1,MEDIUM
13139,0.397108,0,MEDIUM
13140,0.772276,1,HIGH
13141,0.199569,0,LOW
13144,0.732704,1,HIGH
13145,0.861308,1,HIGH
13148,0.097047,0,LOW
13149,0.710013,1,HIGH
13151,0.63031,1,MEDIUM
13155,0.509533,1,MEDIUM
13157,0.586274,1,MEDIUM
13158,0.675782,1,HIGH
13161,0.731565,1,HIGH
13162,0.430601,0,MEDIUM
13165,0.75236,1,HIGH
13166,0.707149,1,HIGH
13168,0.247605,0,LOW
13169,0.732688,1,HIGH
13171,0.707746,1,HIGH
13173,0.752164,1,HIGH
13174,0.346899,0,LOW
13178,0.094708,0,LOW
13183,0.264502,0,LOW
13184,0.338345,0,LOW
13185,0.704193,1,HIGH
13187,0.763103,1,HIGH
13192,0.610615,1,MEDIUM
13196,0.687146,1,HIGH
13198,0.152574,0,LOW
13199,0.041949,0,LOW
13203,0.713177,1,HIGH
13208,0.170873,0,LOW
13209,0.21425,0,LOW
13211,0.794001,1,HIGH
13213,0.563087,1,MEDIUM
13216,0.708663,1,HIGH
13220,0.416637,0,MEDIUM
13221,0.562245,1,MEDIUM
13223,0.448365,0,MEDIUM
13225,0.140627,0,LOW
13226,0.719096,1,HIGH
13227,0.592918,1,MEDIUM
13229,0.678547,1,HIGH
13230,0.012945,0,LOW
13232,0.21732,0,LOW
13233,0.744823,1,HIGH
13235,0.629693,1,MEDIUM
13238,0.771081,1,HIGH
13239,0.652898,1,HIGH
13240,0.567341,1,MEDIUM
13242,0.641156,1,MEDIUM
13243,0.559464,1,MEDIUM
13246,0.196626,0,LOW
13249,0.741565,1,HIGH
13253,0.757998,1,HIGH
13255,0.749029,1,HIGH
13258,0.631963,1,MEDIUM
13261,0.465033,0,MEDIUM
13262,0.7308,1,HIGH
13263,0.01244,0,LOW
13265,0.366233,0,MEDIUM
13266,0.149545,0,LOW
13267,0.072198,0,LOW
13268,0.05104,0,LOW
13269,0.158906,0,LOW
13270,0.784254,1,HIGH
13280,0.609242,1,MEDIUM
13282,0.631196,1,MEDIUM
13284,0.694077,1,HIGH
13285,0.408563,0,MEDIUM
13292,0.734279,1,HIGH
13294,0.664259,1,HIGH
13295,0.734074,1,HIGH
13299,0.710988,1,HIGH
13301,0.422041,0,MEDIUM
13304,0.744323,1,HIGH
13305,0.21021,0,LOW
13308,0.610382,1,MEDIUM
13309,0.524369,1,MEDIUM
13310,0.538333,1,MEDIUM
13313,0.516494,1,MEDIUM
13316,0.696559,1,HIGH
13317,0.293621,0,LOW
13319,0.033942,0,LOW
13320,0.563685,1,MEDIUM
13324,0.151274,0,LOW
13327,0.336959,0,LOW
13328,0.752565,1,HIGH
13329,0.732544,1,HIGH
13330,0.6948,1,HIGH
13334,0.536645,1,MEDIUM
13339,0.49567,0,MEDIUM
13340,0.668718,1,HIGH
13341,0.615568,1,MEDIUM
13344,0.610064,1,MEDIUM
13345,0.660701,1,HIGH
13357,0.572998,1,MEDIUM
13358,0.662883,1,HIGH
13362,0.317907,0,LOW
13365,0.586909,1,MEDIUM
13368,0.53602,1,MEDIUM
13369,0.73331,1,HIGH
13370,0.694404,1,HIGH
13373,0.679189,1,HIGH
13376,0.322103,0,LOW
13381,0.393186,0,MEDIUM
13382,0.680987,1,HIGH
13385,0.661719,1,HIGH
13389,0.672314,1,HIGH
13391,0.611732,1,MEDIUM
13394,0.176116,0,LOW
13396,0.730333,1,HIGH
13397,0.576227,1,MEDIUM
13398,0.598456,1,MEDIUM
13402,0.792641,1,HIGH
13404,0.617011,1,MEDIUM
13405,0.467336,0,MEDIUM
13408,0.019403,0,LOW
13410,0.552755,1,MEDIUM
13414,0.724031,1,HIGH
13417,0.673319,1,HIGH
13418,0.102577,0,LOW
13421,0.668325,1,HIGH
13425,0.640306,1,MEDIUM
13426,0.211818,0,LOW
13427,0.654551,1,HIGH
13439,0.647313,1,MEDIUM
13448,0.451829,0,MEDIUM
13450,0.34495,0,LOW
13451,0.095972,0,LOW
13452,0.624344,1,MEDIUM
13453,0.678663,1,HIGH
13455,0.738608,1,HIGH
13456,0.656767,1,HIGH
13458,0.035945,0,LOW
13462,0.688956,1,HIGH
13468,0.017704,0,LOW
13473,0.684239,1,HIGH
13474,0.605292,1,MEDIUM
13475,0.186289,0,LOW
13476,0.715092,1,HIGH
13477,0.506481,1,MEDIUM
13479,0.415769,0,MEDIUM
13481,0.288354,0,LOW
13482,0.738146,1,HIGH
13484,0.741827,1,HIGH
13485,0.677992,1,HIGH
13487,0.625848,1,MEDIUM
13488,0.020062,0,LOW
13489,0.554706,1,MEDIUM
13491,0.092869,0,LOW
13492,0.600934,1,MEDIUM
13493,0.554871,1,MEDIUM
13494,0.704411,1,HIGH
13495,0.574667,1,MEDIUM
13496,0.702449,1,HIGH
13497,0.567543,1,MEDIUM
13499,0.38989,0,MEDIUM
13501,0.729939,1,HIGH
13502,0.515444,1,MEDIUM
13505,0.294014,0,LOW
13506,0.56371,1,MEDIUM
13508,0.663432,1,HIGH
13509,0.443553,0,MEDIUM
13512,0.665544,1,HIGH
13515,0.665635,1,HIGH
13516,0.681252,1,HIGH
13520,0.341856,0,LOW
13523,0.395212,0,MEDIUM
13524,0.634518,1,MEDIUM
13525,0.74054,1,HIGH
13527,0.530397,1,MEDIUM
13529,0.615014,1,MEDIUM
13531,0.691093,1,HIGH
13533,0.655882,1,HIGH
13534,0.032269,0,LOW
13538,0.458624,0,MEDIUM
13539,0.566222,1,MEDIUM
13544,0.638493,1,MEDIUM
13546,0.590043,1,MEDIUM
13548,0.585302,1,MEDIUM
13549,0.277851,0,LOW
13551,0.754154,1,HIGH
13552,0.207818,0,LOW
13555,0.51239,1,MEDIUM
13557,0.701648,1,HIGH
13561,0.607512,1,MEDIUM
13562,0.677168,1,HIGH
13564,0.616318,1,MEDIUM
13565,0.738086,1,HIGH
13569,0.731513,1,HIGH
13570,0.663435,1,HIGH
13571,0.227639,0,LOW
13572,0.585805,1,MEDIUM
13573,0.723482,1,HIGH
13576,0.053027,0,LOW
13577,0.653358,1,HIGH
13579,0.780478,1,HIGH
13581,0.746271,1,HIGH
13584,0.688954,1,HIGH
13588,0.729269,1,HIGH
13590,0.196473,0,LOW
13591,0.454763,0,MEDIUM
13592,0.351143,0,MEDIUM
13593,0.40298,0,MEDIUM
13599,0.066031,0,LOW
13600,0.735936,1,HIGH
13601,0.626833,1,MEDIUM
13606,0.52875,1,MEDIUM
13610,0.488526,0,MEDIUM
13611,0.716043,1,HIGH
13614,0.735619,1,HIGH
13615,0.659246,1,HIGH
13623,0.13966,0,LOW
13626,0.660585,1,HIGH
13627,0.572368,1,MEDIUM
13629,0.158297,0,LOW
13630,0.452553,0,MEDIUM
13631,0.333462,0,LOW
13632,0.452409,0,MEDIUM
13634,0.552492,1,MEDIUM
13636,0.271133,0,LOW
13637,0.612643,1,MEDIUM
13642,0.534851,1,MEDIUM
13647,0.628832,1,MEDIUM
13649,0.606244,1,MEDIUM
13650,0.441535,0,MEDIUM
13652,0.605992,1,MEDIUM
13654,0.18452,0,LOW
13655,0.640066,1,MEDIUM
13656,0.738868,1,HIGH
13657,0.603284,1,MEDIUM
13658,0.658075,1,HIGH
13659,0.447031,0,MEDIUM
13662,0.463986,0,MEDIUM
13666,0.726397,1,HIGH
13668,0.019632,0,LOW
13672,0.598943,1,MEDIUM
13675,0.699309,1,HIGH
13680,0.522596,1,MEDIUM
13684,0.638015,1,MEDIUM
13692,0.379083,0,MEDIUM
13694,0.000559,0,LOW
13695,0.241816,0,LOW
13700,0.237587,0,LOW
13703,0.747801,1,HIGH
13705,0.734716,1,HIGH
13706,0.670695,1,HIGH
13707,0.43754,0,MEDIUM
13708,0.640185,1,MEDIUM
13709,0.715694,1,HIGH
13711,0.609165,1,MEDIUM
13712,0.691156,1,HIGH
13715,0.207378,0,LOW
13716,0.69703,1,HIGH
13717,0.430466,0,MEDIUM
13718,0.523046,1,MEDIUM
13719,0.426522,0,MEDIUM
13720,0.336109,0,LOW
13722,0.653914,1,HIGH
13723,0.700598,1,HIGH
13725,0.19947,0,LOW
13728,0.262443,0,LOW
13731,0.333343,0,LOW
13735,0.62549,1,MEDIUM
13736,0.608767,1,MEDIUM
13737,0.639642,1,MEDIUM
13740,0.642515,1,MEDIUM
13741,0.6477,1,MEDIUM
13742,0.082202,0,LOW
13743,0.51546,1,MEDIUM
13744,0.66844,1,HIGH
13747,0.746185,1,HIGH
13748,0.546637,1,MEDIUM
13750,0.524903,1,MEDIUM
13751,0.74433,1,HIGH
13752,0.284624,0,LOW
13753,0.673464,1,HIGH
13754,0.74637,1,HIGH
13756,0.377335,0,MEDIUM
13758,0.096148,0,LOW
13760,0.664882,1,HIGH
13762,0.597872,1,MEDIUM
13764,0.674623,1,HIGH
13767,0.042184,0,LOW
13769,0.081792,0,LOW
13771,0.360584,0,MEDIUM
13772,0.649291,1,MEDIUM
13777,0.042125,0,LOW
13781,0.673363,1,HIGH
13782,0.504114,1,MEDIUM
13784,0.146831,0,LOW
13786,0.763636,1,HIGH
13787,0.770863,1,HIGH
13792,0.738524,1,HIGH
13798,0.003902,0,LOW
13799,0.728382,1,HIGH
13800,0.693334,1,HIGH
13802,0.463337,0,MEDIUM
13803,0.683448,1,HIGH
13804,0.629339,1,MEDIUM
13807,0.782769,1,HIGH
13809,0.735519,1,HIGH
13811,0.538217,1,MEDIUM
13815,0.667582,1,HIGH
13817,0.732083,1,HIGH
13819,0.358894,0,MEDIUM
13821,0.636206,1,MEDIUM
13824,0.226324,0,LOW
13831,0.439977,0,MEDIUM
13835,0.636674,1,MEDIUM
13837,0.578533,1,MEDIUM
13838,0.660165,1,HIGH
13841,0.710474,1,HIGH
13842,0.039935,0,LOW
13846,0.652333,1,HIGH
13848,0.482173,0,MEDIUM
13851,0.753513,1,HIGH
13854,0.032524,0,LOW
13856,0.635893,1,MEDIUM
13859,0.747614,1,HIGH
13862,0.258194,0,LOW
13863,0.655581,1,HIGH
13865,0.714523,1,HIGH
13867,0.697529,1,HIGH
13869,0.159679,0,LOW
13870,0.636548,1,MEDIUM
13871,0.105481,0,LOW
13873,0.5331,1,MEDIUM
13874,0.795459,1,HIGH
13875,0.454448,0,MEDIUM
13880,0.080066,0,LOW
13881,0.122185,0,LOW
13883,0.262875,0,LOW
13884,0.619624,1,MEDIUM
13885,0.544815,1,MEDIUM
13887,0.671054,1,HIGH
13888,0.644576,1,MEDIUM
13890,0.709517,1,HIGH
13892,0.701923,1,HIGH
13893,0.697521,1,HIGH
13894,0.724783,1,HIGH
13898,0.701809,1,HIGH
13899,0.665763,1,HIGH
13900,0.409963,0,MEDIUM
13901,0.449436,0,MEDIUM
13904,0.690128,1,HIGH
13908,0.394804,0,MEDIUM
13911,0.060728,0,LOW
13918,0.759637,1,HIGH
13922,0.721055,1,HIGH
13929,0.775402,1,HIGH
13931,0.650077,1,HIGH
13932,0.707762,1,HIGH
13934,0.624708,1,MEDIUM
13939,0.710396,1,HIGH
13941,0.574019,1,MEDIUM
13946,0.452941,0,MEDIUM
13948,0.732908,1,HIGH
13950,0.687518,1,HIGH
13951,0.508869,1,MEDIUM
13952,0.244689,0,LOW
13953,0.251286,0,LOW
13955,0.72044,1,HIGH
13956,0.394523,0,MEDIUM
13959,0.534815,1,MEDIUM
13962,0.686884,1,HIGH
13963,0.272051,0,LOW
13969,0.076575,0,LOW
13971,0.280522,0,LOW
13972,0.592049,1,MEDIUM
13973,0.741134,1,HIGH
13975,0.325376,0,LOW
13976,0.585536,1,MEDIUM
13982,0.56349,1,MEDIUM
13983,0.097878,0,LOW
13984,0.40047,0,MEDIUM
13985,0.336196,0,LOW
13988,0.32818,0,LOW
13989,0.70427,1,HIGH
13990,0.657061,1,HIGH
13993,0.148373,0,LOW
13995,0.634527,1,MEDIUM
13999,0.125347,0,LOW
14000,0.666621,1,HIGH
14001,0.609916,1,MEDIUM
14004,0.651916,1,HIGH
14005,0.579046,1,MEDIUM
14006,0.607521,1,MEDIUM
14009,0.393338,0,MEDIUM
14012,0.709309,1,HIGH
14013,0.662638,1,HIGH
14016,0.146817,0,LOW
14021,0.458524,0,MEDIUM
14022,0.672374,1,HIGH
14023,0.709766,1,HIGH
14030,0.196795,0,LOW
14031,0.059524,0,LOW
14032,0.120785,0,LOW
14035,0.478629,0,MEDIUM
14036,0.630971,1,MEDIUM
14037,0.714418,1,HIGH
14038,0.593058,1,MEDIUM
14040,0.167701,0,LOW
14041,0.695559,1,HIGH
14044,0.645833,1,MEDIUM
14045,0.514363,1,MEDIUM
14046,0.717161,1,HIGH
14047,0.412627,0,MEDIUM
14048,0.633453,1,MEDIUM
14049,0.259316,0,LOW
14051,0.057125,0,LOW
14056,0.021238,0,LOW
14057,0.047511,0,LOW
14059,0.680256,1,HIGH
14060,0.033914,0,LOW
14062,0.314802,0,LOW
14064,0.382648,0,MEDIUM
14066,0.706225,1,HIGH
14068,0.740005,1,HIGH
14071,0.524633,1,MEDIUM
14075,0.729926,1,HIGH
14077,0.556459,1,MEDIUM
14078,0.214621,0,LOW
14081,0.447508,0,MEDIUM
14082,0.711177,1,HIGH
14083,0.198351,0,LOW
14085,0.026094,0,LOW
14088,0.704704,1,HIGH
14090,0.716801,1,HIGH
14092,0.06777,0,LOW
14099,0.055857,0,LOW
14101,0.132823,0,LOW
14105,0.65653,1,HIGH
14107,0.154335,0,LOW
14110,0.320707,0,LOW
14111,0.688594,1,HIGH
14112,0.394543,0,MEDIUM
14113,0.755323,1,HIGH
14114,0.532,1,MEDIUM
14127,0.557584,1,MEDIUM
14128,0.64913,1,MEDIUM
14129,0.640707,1,MEDIUM
14130,0.68915,1,HIGH
14133,0.702324,1,HIGH
14135,0.171331,0,LOW
14142,0.776481,1,HIGH
14145,0.668761,1,HIGH
14146,0.499733,0,MEDIUM
14147,0.695356,1,HIGH
14148,0.697623,1,HIGH
14149,0.567003,1,MEDIUM
14150,0.719209,1,HIGH
14152,0.689434,1,HIGH
14154,0.653691,1,HIGH
14155,0.729905,1,HIGH
14156,0.000785,0,LOW
14157,0.665167,1,HIGH
14159,0.414311,0,MEDIUM
14161,0.21651,0,LOW
14162,0.693956,1,HIGH
14163,0.476163,0,MEDIUM
14165,0.688137,1,HIGH
14167,0.638942,1,MEDIUM
14173,0.656813,1,HIGH
14175,0.723962,1,HIGH
14176,0.368986,0,MEDIUM
14180,0.025132,0,LOW
14185,0.75965,1,HIGH
14188,0.493747,0,MEDIUM
14189,0.027257,0,LOW
14191,0.381252,0,MEDIUM
14193,0.673428,1,HIGH
14194,0.094215,0,LOW
14195,0.392833,0,MEDIUM
14198,0.709033,1,HIGH
14199,0.660344,1,HIGH
14201,0.387973,0,MEDIUM
14205,0.714602,1,HIGH
14206,0.719497,1,HIGH
14209,0.258334,0,LOW
14210,0.096425,0,LOW
14211,0.177205,0,LOW
14214,0.672597,1,HIGH
14215,0.491287,0,MEDIUM
14217,0.057566,0,LOW
14220,0.589514,1,MEDIUM
14221,0.513832,1,MEDIUM
14223,0.721262,1,HIGH
14224,0.454389,0,MEDIUM
14226,0.468317,0,MEDIUM
14227,0.147464,0,LOW
14229,0.496466,0,MEDIUM
14231,0.395995,0,MEDIUM
14232,0.627886,1,MEDIUM
14233,0.362599,0,MEDIUM
14235,0.452199,0,MEDIUM
14236,0.817616,1,HIGH
14237,0.765687,1,HIGH
14238,0.751806,1,HIGH
14239,0.068125,0,LOW
14240,0.667403,1,HIGH
14242,0.525387,1,MEDIUM
14243,0.146308,0,LOW
14245,0.256214,0,LOW
14246,0.62493,1,MEDIUM
14247,0.717584,1,HIGH
14248,0.749077,1,HIGH
14256,0.555295,1,MEDIUM
14257,0.657946,1,HIGH
14258,0.070707,0,LOW
14262,0.679952,1,HIGH
14264,0.702229,1,HIGH
14267,0.668305,1,HIGH
14270,0.673492,1,HIGH
14271,0.677082,1,HIGH
14272,0.705895,1,HIGH
14273,0.327811,0,LOW
14276,0.661653,1,HIGH
14277,0.553699,1,MEDIUM
14280,0.591269,1,MEDIUM
14282,0.117864,0,LOW
14286,0.41698,0,MEDIUM
14287,0.614066,1,MEDIUM
14288,0.634143,1,MEDIUM
14289,0.250766,0,LOW
14290,0.713066,1,HIGH
14291,0.313159,0,LOW
14292,0.309752,0,LOW
14293,0.494983,0,MEDIUM
14297,0.659555,1,HIGH
14298,0.000261,0,LOW
14299,0.447153,0,MEDIUM
14304,0.598973,1,MEDIUM
14307,0.203125,0,LOW
14309,0.254996,0,LOW
14311,0.653001,1,HIGH
14312,0.326322,0,LOW
14315,0.678633,1,HIGH
14320,0.551838,1,MEDIUM
14321,0.689012,1,HIGH
14323,0.662192,1,HIGH
14326,0.728067,1,HIGH
14329,0.407743,0,MEDIUM
14334,0.049253,0,LOW
14336,0.323872,0,LOW
14338,0.59643,1,MEDIUM
14339,0.674343,1,HIGH
14340,0.600297,1,MEDIUM
14341,0.514524,1,MEDIUM
14342,0.645928,1,MEDIUM
14344,0.217169,0,LOW
14346,0.71821,1,HIGH
14348,0.732128,1,HIGH
14350,0.718214,1,HIGH
14352,0.354363,0,MEDIUM
14353,0.670452,1,HIGH
14355,0.74674,1,HIGH
14364,0.448347,0,MEDIUM
14367,0.150324,0,LOW
14368,0.693794,1,HIGH
14371,0.764668,1,HIGH
14373,0.780917,1,HIGH
14377,0.720081,1,HIGH
14379,0.735621,1,HIGH
14386,0.685315,1,HIGH
14388,0.169963,0,LOW
14390,0.294424,0,LOW
14393,0.712672,1,HIGH
14395,0.054768,0,LOW
14396,0.750917,1,HIGH
14397,0.449402,0,MEDIUM
14401,0.437434,0,MEDIUM
14403,0.457101,0,MEDIUM
14404,0.325458,0,LOW
14407,0.464786,0,MEDIUM
14408,0.457462,0,MEDIUM
14409,0.541702,1,MEDIUM
14410,0.119568,0,LOW
14411,0.710114,1,HIGH
14413,0.727086,1,HIGH
14414,0.735331,1,HIGH
14415,0.05406,0,LOW
14419,0.581275,1,MEDIUM
14421,0.595634,1,MEDIUM
14422,0.74345,1,HIGH
14423,0.681894,1,HIGH
14426,0.289331,0,LOW
14428,0.529615,1,MEDIUM
14431,0.690829,1,HIGH
14437,0.721597,1,HIGH
14438,0.732111,1,HIGH
14439,0.716815,1,HIGH
14440,0.529454,1,MEDIUM
14441,0.691269,1,HIGH
14442,0.448208,0,MEDIUM
14443,0.498925,0,MEDIUM
14446,0.573139,1,MEDIUM
14447,0.425793,0,MEDIUM
14448,0.785908,1,HIGH
14449,0.515994,1,MEDIUM
14450,0.551555,1,MEDIUM
14451,0.524898,1,MEDIUM
14457,0.699273,1,HIGH
14460,0.725696,1,HIGH
14461,0.618769,1,MEDIUM
14462,0.125259,0,LOW
14463,0.658724,1,HIGH
14465,0.418888,0,MEDIUM
14466,0.363271,0,MEDIUM
14467,0.711974,1,HIGH
14470,0.659728,1,HIGH
14472,0.122286,0,LOW
14473,0.737788,1,HIGH
14475,0.690944,1,HIGH
14476,0.704806,1,HIGH
14477,0.759706,1,HIGH
14479,0.58281,1,MEDIUM
14481,0.716711,1,HIGH
14482,0.727717,1,HIGH
14483,0.69,1,HIGH
14487,0.756624,1,HIGH
14489,0.617332,1,MEDIUM
14491,0.760874,1,HIGH
14496,0.48218,0,MEDIUM
14497,0.753814,1,HIGH
14498,0.730926,1,HIGH
14499,0.63481,1,MEDIUM
14501,0.7091,1,HIGH
14502,0.083284,0,LOW
14504,0.306504,0,LOW
14505,0.020385,0,LOW
14506,0.514339,1,MEDIUM
14507,0.441083,0,MEDIUM
14512,0.755063,1,HIGH
14513,0.452283,0,MEDIUM
14514,0.6201,1,MEDIUM
14515,0.625719,1,MEDIUM
14520,0.689336,1,HIGH
14522,0.671384,1,HIGH
14524,0.276886,0,LOW
14525,0.217144,0,LOW
14527,0.011825,0,LOW
14530,0.418959,0,MEDIUM
14532,0.171166,0,LOW
14533,0.726047,1,HIGH
14534,0.03488,0,LOW
14535,0.567196,1,MEDIUM
14536,0.684964,1,HIGH
14538,0.726548,1,HIGH
14540,0.754669,1,HIGH
14541,0.126741,0,LOW
14543,0.064915,0,LOW
14544,0.68707,1,HIGH
14546,0.27173,0,LOW
14548,0.690692,1,HIGH
14549,0.66991,1,HIGH
14551,0.698741,1,HIGH
14553,0.509996,1,MEDIUM
14555,0.766547,1,HIGH
14560,0.085014,0,LOW
14562,0.385555,0,MEDIUM
14565,0.575613,1,MEDIUM
14570,0.663361,1,HIGH
14572,0.430742,0,MEDIUM
14573,0.062621,0,LOW
14576,0.809652,1,HIGH
14577,0.601982,1,MEDIUM
14583,0.557997,1,MEDIUM
14584,0.423509,0,MEDIUM
14586,0.666838,1,HIGH
14587,0.048098,0,LOW
14589,0.75156,1,HIGH
14591,0.616295,1,MEDIUM
14593,0.531662,1,MEDIUM
14594,0.735897,1,HIGH
14595,0.7247,1,HIGH
14600,0.667537,1,HIGH
14603,0.699235,1,HIGH
14606,0.000565,0,LOW
14607,0.74243,1,HIGH
14608,0.767481,1,HIGH
14609,0.694605,1,HIGH
14616,0.316304,0,LOW
14618,0.733349,1,HIGH
14619,0.618906,1,MEDIUM
14620,0.41418,0,MEDIUM
14621,0.747115,1,HIGH
14623,0.663766,1,HIGH
14625,0.654025,1,HIGH
14626,0.668397,1,HIGH
14628,0.713792,1,HIGH
14631,0.407949,0,MEDIUM
14632,0.651971,1,HIGH
14633,0.744605,1,HIGH
14636,0.659507,1,HIGH
14639,0.564294,1,MEDIUM
14640,0.661876,1,HIGH
14643,0.784924,1,HIGH
14644,0.741792,1,HIGH
14645,0.675816,1,HIGH
14646,3e-06,0,LOW
14647,0.59338,1,MEDIUM
14649,0.59235,1,MEDIUM
14651,0.598916,1,MEDIUM
14653,0.720799,1,HIGH
14655,0.643738,1,MEDIUM
14656,0.697446,1,HIGH
14657,0.504335,1,MEDIUM
14659,0.139234,0,LOW
14662,0.20182,0,LOW
14665,0.542731,1,MEDIUM
14667,0.013521,0,LOW
14669,0.355449,0,MEDIUM
14670,0.555046,1,MEDIUM
14672,0.466002,0,MEDIUM
14673,0.74394,1,HIGH
14676,0.428195,0,MEDIUM
14680,0.027269,0,LOW
14681,0.615365,1,MEDIUM
14682,0.615975,1,MEDIUM
14684,0.422356,0,MEDIUM
14688,0.026496,0,LOW
14689,0.589562,1,MEDIUM
14691,0.580113,1,MEDIUM
14692,0.343564,0,LOW
14693,0.690403,1,HIGH
14696,0.335891,0,LOW
14697,0.653383,1,HIGH
14699,0.656597,1,HIGH
14700,0.659104,1,HIGH
14701,0.07668,0,LOW
14702,0.194112,0,LOW
14705,0.630669,1,MEDIUM
14708,0.74742,1,HIGH
14709,0.132422,0,LOW
14711,0.106923,0,LOW
14713,0.090744,0,LOW
14715,0.569814,1,MEDIUM
14719,0.673493,1,HIGH
14723,0.531612,1,MEDIUM
14727,0.731576,1,HIGH
14729,0.668285,1,HIGH
14730,0.309847,0,LOW
14731,0.423521,0,MEDIUM
14732,0.213552,0,LOW
14733,0.051934,0,LOW
14735,0.04312,0,LOW
14737,0.756047,1,HIGH
14738,0.259395,0,LOW
14739,0.378043,0,MEDIUM
14740,0.11963,0,LOW
14741,0.569496,1,MEDIUM
14744,0.327074,0,LOW
14745,0.731024,1,HIGH
14747,0.710605,1,HIGH
14748,0.495503,0,MEDIUM
14754,0.70667,1,HIGH
14755,0.101577,0,LOW
14758,0.226863,0,LOW
14759,0.625786,1,MEDIUM
14760,0.764313,1,HIGH
14761,0.725067,1,HIGH
14762,0.630812,1,MEDIUM
14766,0.289458,0,LOW
14769,0.007719,0,LOW
14770,0.573379,1,MEDIUM
14775,0.778723,1,HIGH
14776,0.26728,0,LOW
14778,0.702843,1,HIGH
14779,0.49386,0,MEDIUM
14782,0.718532,1,HIGH
14784,0.701388,1,HIGH
14790,0.678262,1,HIGH
14794,0.234555,0,LOW
14796,0.016749,0,LOW
14798,0.760656,1,HIGH
14800,0.044573,0,LOW
14803,0.502595,1,MEDIUM
14805,0.669215,1,HIGH
14810,0.041308,0,LOW
14813,0.710275,1,HIGH
14816,0.6532,1,HIGH
14817,0.479745,0,MEDIUM
14818,0.687134,1,HIGH
14819,0.634292,1,MEDIUM
14821,0.716181,1,HIGH
14823,0.530303,1,MEDIUM
14825,0.129568,0,LOW
14828,0.225863,0,LOW
14829,0.535491,1,MEDIUM
14834,0.723849,1,HIGH
14837,0.569939,1,MEDIUM
14840,0.709885,1,HIGH
14841,0.290011,0,LOW
14842,0.779619,1,HIGH
14844,0.659902,1,HIGH
14849,0.0897,0,LOW
14850,0.698023,1,HIGH
14851,0.710296,1,HIGH
14852,0.690315,1,HIGH
14853,0.677823,1,HIGH
14854,0.376135,0,MEDIUM
14859,0.644768,1,MEDIUM
14865,0.814582,1,HIGH
14866,0.778257,1,HIGH
14867,0.403564,0,MEDIUM
14868,0.676943,1,HIGH
14870,0.671352,1,HIGH
14871,0.618916,1,MEDIUM
14873,0.613774,1,MEDIUM
14875,0.697291,1,HIGH
14878,0.153487,0,LOW
14880,0.711882,1,HIGH
14883,0.571832,1,MEDIUM
14886,0.640124,1,MEDIUM
14888,0.634282,1,MEDIUM
14889,0.765931,1,HIGH
14890,0.684033,1,HIGH
14895,0.104597,0,LOW
14896,0.579722,1,MEDIUM
14897,0.667903,1,HIGH
14898,0.249305,0,LOW
14901,0.558486,1,MEDIUM
14903,0.124895,0,LOW
14905,0.663415,1,HIGH
14907,0.576737,1,MEDIUM
14911,1e-05,0,LOW
14912,0.679476,1,HIGH
14913,0.454022,0,MEDIUM
14915,0.677082,1,HIGH
14916,0.751784,1,HIGH
14920,0.522873,1,MEDIUM
14921,0.532163,1,MEDIUM
14924,0.660991,1,HIGH
14930,0.660371,1,HIGH
14931,0.337414,0,LOW
14932,0.734493,1,HIGH
14934,0.665691,1,HIGH
14935,0.752697,1,HIGH
14936,0.595774,1,MEDIUM
14944,0.488964,0,MEDIUM
14948,0.65614,1,HIGH
14952,0.125288,0,LOW
14957,0.742911,1,HIGH
14958,0.671829,1,HIGH
14959,0.45945,0,MEDIUM
14961,0.155619,0,LOW
14962,0.676722,1,HIGH
14964,0.713189,1,HIGH
14970,0.588606,1,MEDIUM
14973,0.696638,1,HIGH
14976,0.25011,0,LOW
14978,0.196784,0,LOW
14981,0.707439,1,HIGH
14985,0.506579,1,MEDIUM
14987,0.758973,1,HIGH
14988,0.577808,1,MEDIUM
14995,0.682377,1,HIGH
14998,0.688717,1,HIGH
15002,0.265378,0,LOW
15005,0.010255,0,LOW
15012,0.703292,1,HIGH
15018,0.619399,1,MEDIUM
15019,0.61547,1,MEDIUM
15021,0.219586,0,LOW
15023,0.058868,0,LOW
15024,0.548995,1,MEDIUM
15026,0.524994,1,MEDIUM
15027,0.456356,0,MEDIUM
15028,0.744478,1,HIGH
15030,0.744047,1,HIGH
15031,0.71511,1,HIGH
15032,0.572648,1,MEDIUM
15033,0.158168,0,LOW
15034,0.079304,0,LOW
15038,0.314793,0,LOW
15039,0.003961,0,LOW
15042,0.675675,1,HIGH
15044,0.033532,0,LOW
15045,0.683933,1,HIGH
15046,0.067767,0,LOW
15047,0.661916,1,HIGH
15048,0.55953,1,MEDIUM
15049,0.71616,1,HIGH
15052,0.733232,1,HIGH
15053,0.697107,1,HIGH
15057,0.419806,0,MEDIUM
15058,0.231307,0,LOW
15059,0.227495,0,LOW
15061,0.014072,0,LOW
15062,0.225306,0,LOW
15063,0.65422,1,HIGH
15065,0.448982,0,MEDIUM
15067,0.682836,1,HIGH
15068,0.673178,1,HIGH
15070,0.75444,1,HIGH
15071,0.687594,1,HIGH
15078,0.037435,0,LOW
15079,0.306671,0,LOW
15081,0.627126,1,MEDIUM
15083,0.700585,1,HIGH
15087,0.677833,1,HIGH
15090,0.728736,1,HIGH
15092,0.478221,0,MEDIUM
15093,0.125127,0,LOW
15095,0.614389,1,MEDIUM
15100,0.488856,0,MEDIUM
15101,0.752001,1,HIGH
15104,0.421007,0,MEDIUM
15106,0.323734,0,LOW
15107,0.384209,0,MEDIUM
15108,0.659458,1,HIGH
15109,0.633462,1,MEDIUM
15110,0.713779,1,HIGH
15111,0.735839,1,HIGH
15114,0.191378,0,LOW
15116,0.564296,1,MEDIUM
15117,0.610819,1,MEDIUM
15119,0.653043,1,HIGH
15121,0.698949,1,HIGH
15122,0.314837,0,LOW
15123,0.584895,1,MEDIUM
15125,0.140299,0,LOW
15128,0.595634,1,MEDIUM
15129,0.154951,0,LOW
15132,0.39356,0,MEDIUM
15133,0.526868,1,MEDIUM
15134,0.412052,0,MEDIUM
15135,0.766487,1,HIGH
15139,0.614938,1,MEDIUM
15140,0.221312,0,LOW
15143,0.67244,1,HIGH
15144,0.208347,0,LOW
15145,0.599301,1,MEDIUM
15146,0.6394,1,MEDIUM
15147,0.700655,1,HIGH
15150,0.693664,1,HIGH
15157,0.6911,1,HIGH
15159,0.038603,0,LOW
15160,0.770552,1,HIGH
15163,0.649622,1,MEDIUM
15164,0.551423,1,MEDIUM
15165,0.75509,1,HIGH
15167,0.667526,1,HIGH
15171,0.782336,1,HIGH
15172,0.346755,0,LOW
15174,0.688878,1,HIGH
15178,0.73867,1,HIGH
15179,0.447286,0,MEDIUM
15180,0.774088,1,HIGH
15181,0.71855,1,HIGH
15182,0.696153,1,HIGH
15187,0.645189,1,MEDIUM
15189,0.049607,0,LOW
15192,0.762361,1,HIGH
15194,0.026657,0,LOW
15197,0.538203,1,MEDIUM
15199,0.586865,1,MEDIUM
15201,0.444469,0,MEDIUM
15203,0.486072,0,MEDIUM
15204,0.754051,1,HIGH
15206,0.673647,1,HIGH
15208,0.75919,1,HIGH
15210,0.710058,1,HIGH
15211,0.773947,1,HIGH
15212,0.709392,1,HIGH
15213,0.604268,1,MEDIUM
15214,0.614841,1,MEDIUM
15218,0.241966,0,LOW
15220,0.164851,0,LOW
15221,0.770432,1,HIGH
15222,0.686192,1,HIGH
15223,0.593697,1,MEDIUM
15224,0.639864,1,MEDIUM
15225,0.690675,1,HIGH
15226,0.71712,1,HIGH
15227,0.240803,0,LOW
15228,0.645982,1,MEDIUM
15230,0.526619,1,MEDIUM
15234,0.653462,1,HIGH
15235,0.036798,0,LOW
15236,0.685808,1,HIGH
15237,0.355642,0,MEDIUM
15240,0.501123,1,MEDIUM
15241,0.297307,0,LOW
15244,0.722149,1,HIGH
15245,0.655333,1,HIGH
15246,0.538876,1,MEDIUM
15249,0.097395,0,LOW
15251,0.36694,0,MEDIUM
15257,0.721904,1,HIGH
15258,0.650271,1,HIGH
15260,0.376996,0,MEDIUM
15262,0.727077,1,HIGH
15265,0.642246,1,MEDIUM
15266,0.754067,1,HIGH
15270,0.439646,0,MEDIUM
15271,0.116504,0,LOW
15279,0.706219,1,HIGH
15281,0.063091,0,LOW
15288,0.248175,0,LOW
15289,0.682462,1,HIGH
15290,0.048512,0,LOW
15291,0.133368,0,LOW
15292,0.619265,1,MEDIUM
15296,0.413247,0,MEDIUM
15298,0.270329,0,LOW
15299,0.617005,1,MEDIUM
15301,0.138085,0,LOW
15303,0.695159,1,HIGH
15304,0.177367,0,LOW
15308,0.706104,1,HIGH
15311,0.000654,0,LOW
15312,0.56215,1,MEDIUM
15314,0.617888,1,MEDIUM
15316,0.730273,1,HIGH
15319,0.704044,1,HIGH
15321,0.666407,1,HIGH
15326,0.692637,1,HIGH
15332,0.615064,1,MEDIUM
15333,0.623072,1,MEDIUM
15339,0.690537,1,HIGH
15346,0.712462,1,HIGH
15347,0.784338,1,HIGH
15350,0.769627,1,HIGH
15351,0.670604,1,HIGH
15353,0.58079,1,MEDIUM
15356,0.07816,0,LOW
15358,0.011806,0,LOW
15361,0.717462,1,HIGH
15363,0.746309,1,HIGH
15364,0.716844,1,HIGH
15365,0.729727,1,HIGH
15366,0.775365,1,HIGH
15367,0.398664,0,MEDIUM
15370,0.249207,0,LOW
15373,0.081059,0,LOW
15376,0.556979,1,MEDIUM
15379,0.093099,0,LOW
15380,0.789708,1,HIGH
15381,0.493601,0,MEDIUM
15382,0.400518,0,MEDIUM
15384,0.71896,1,HIGH
15388,0.718116,1,HIGH
15392,0.761519,1,HIGH
15393,0.756827,1,HIGH
15394,0.58333,1,MEDIUM
15395,0.73318,1,HIGH
15397,0.681615,1,HIGH
15400,0.693714,1,HIGH
15402,0.595551,1,MEDIUM
15406,0.717781,1,HIGH
15407,0.487345,0,MEDIUM
15408,0.685919,1,HIGH
15410,0.190941,0,LOW
15414,0.709491,1,HIGH
15415,0.674184,1,HIGH
15416,0.323126,0,LOW
15421,0.559666,1,MEDIUM
15422,0.728492,1,HIGH
15424,0.691079,1,HIGH
15426,0.474652,0,MEDIUM
15433,0.380905,0,MEDIUM
15434,0.640208,1,MEDIUM
15436,0.549623,1,MEDIUM
15437,0.658113,1,HIGH
15440,0.577703,1,MEDIUM
15442,0.714529,1,HIGH
15443,0.663615,1,HIGH
15445,0.726804,1,HIGH
15447,0.7219,1,HIGH
15448,0.671579,1,HIGH
15449,0.653471,1,HIGH
15452,0.681769,1,HIGH
15454,0.737103,1,HIGH
15456,0.548324,1,MEDIUM
15457,0.663204,1,HIGH
15460,0.724061,1,HIGH
15464,0.55325,1,MEDIUM
15465,0.115133,0,LOW
15482,0.640275,1,MEDIUM
15483,0.639453,1,MEDIUM
15485,0.512926,1,MEDIUM
15489,0.605743,1,MEDIUM
15491,0.222862,0,LOW
15493,0.346466,0,LOW
15497,0.707565,1,HIGH
15498,0.019113,0,LOW
15502,0.415386,0,MEDIUM
15503,0.623404,1,MEDIUM
15508,0.325131,0,LOW
15510,0.76966,1,HIGH
15512,0.748806,1,HIGH
15513,0.047548,0,LOW
15514,0.332249,0,LOW
15517,0.680266,1,HIGH
15518,0.368404,0,MEDIUM
15521,0.155422,0,LOW
15525,0.71845,1,HIGH
15527,0.294575,0,LOW
15528,0.71448,1,HIGH
15529,0.025072,0,LOW
15530,0.622768,1,MEDIUM
15532,0.736553,1,HIGH
15535,0.545783,1,MEDIUM
15543,0.718915,1,HIGH
15544,0.156343,0,LOW
15545,0.774317,1,HIGH
15547,0.018979,0,LOW
15549,0.694135,1,HIGH
15550,0.715179,1,HIGH
15552,0.644449,1,MEDIUM
15554,0.66921,1,HIGH
15555,0.108008,0,LOW
15561,0.60992,1,MEDIUM
15562,0.719113,1,HIGH
15563,0.57679,1,MEDIUM
15569,0.74802,1,HIGH
15570,0.03408,0,LOW
15572,0.336889,0,LOW
15574,0.455073,0,MEDIUM
15577,0.74031,1,HIGH
15579,0.684841,1,HIGH
15581,0.203244,0,LOW
15582,0.626547,1,MEDIUM
15587,0.718194,1,HIGH
15589,0.506054,1,MEDIUM
15594,0.653798,1,HIGH
15596,0.134567,0,LOW
15599,0.602072,1,MEDIUM
15601,0.026878,0,LOW
15602,0.301298,0,LOW
15605,0.372054,0,MEDIUM
15606,0.129878,0,LOW
15607,0.728806,1,HIGH
15611,0.407239,0,MEDIUM
15615,0.020897,0,LOW
15620,0.502002,1,MEDIUM
15622,0.185473,0,LOW
15624,0.464343,0,MEDIUM
15625,0.671671,1,HIGH
15626,0.692166,1,HIGH
15628,0.519711,1,MEDIUM
15630,0.576476,1,MEDIUM
15632,0.2845,0,LOW
15636,0.740076,1,HIGH
15640,0.084513,0,LOW
15641,0.390598,0,MEDIUM
15643,0.717813,1,HIGH
15644,0.505491,1,MEDIUM
15646,0.527617,1,MEDIUM
15648,0.485929,0,MEDIUM
15649,0.510272,1,MEDIUM
15651,0.636952,1,MEDIUM
15655,0.679565,1,HIGH
15656,0.484163,0,MEDIUM
15658,0.146034,0,LOW
15660,0.238905,0,LOW
15661,0.666986,1,HIGH
15665,0.613609,1,MEDIUM
15668,0.619363,1,MEDIUM
15669,0.662694,1,HIGH
15670,0.689244,1,HIGH
15671,0.331882,0,LOW
15673,0.419482,0,MEDIUM
15674,0.145495,0,LOW
15675,0.741854,1,HIGH
15676,0.613855,1,MEDIUM
15680,0.743737,1,HIGH
15681,0.71277,1,HIGH
15687,0.219909,0,LOW
15689,0.718114,1,HIGH
15691,0.743071,1,HIGH
15694,0.082208,0,LOW
15695,0.637728,1,MEDIUM
15696,0.1585,0,LOW
15703,0.670937,1,HIGH
15704,0.563361,1,MEDIUM
15705,0.648013,1,MEDIUM
15708,0.114585,0,LOW
15709,0.695582,1,HIGH
15712,0.686916,1,HIGH
15713,0.780172,1,HIGH
15716,0.262956,0,LOW
15717,0.701357,1,HIGH
15719,0.024267,0,LOW
15722,0.712993,1,HIGH
15723,0.698735,1,HIGH
15724,0.442388,0,MEDIUM
15727,0.109791,0,LOW
15729,0.635504,1,MEDIUM
15730,0.591777,1,MEDIUM
15732,0.686444,1,HIGH
15733,0.678592,1,HIGH
15734,0.648236,1,MEDIUM
15737,0.63891,1,MEDIUM
15738,0.056331,0,LOW
15745,0.673845,1,HIGH
15749,0.506751,1,MEDIUM
15750,0.470636,0,MEDIUM
15752,0.244413,0,LOW
15753,0.731253,1,HIGH
15754,0.700008,1,HIGH
15755,0.468709,0,MEDIUM
15756,0.381984,0,MEDIUM
15757,0.608961,1,MEDIUM
15759,0.309076,0,LOW
15764,0.601137,1,MEDIUM
15768,0.375409,0,MEDIUM
15769,0.014074,0,LOW
15775,0.697282,1,HIGH
15777,0.389806,0,MEDIUM
15780,0.581904,1,MEDIUM
15781,0.694714,1,HIGH
15785,0.546552,1,MEDIUM
15789,0.741692,1,HIGH
15791,0.59671,1,MEDIUM
15793,0.690552,1,HIGH
15796,0.312146,0,LOW
15797,0.295026,0,LOW
15799,0.738076,1,HIGH
15800,0.68927,1,HIGH
15804,0.550334,1,MEDIUM
15805,0.088988,0,LOW
15806,0.663164,1,HIGH
15808,0.192202,0,LOW
15809,0.20979,0,LOW
15810,0.321374,0,LOW
15811,0.208167,0,LOW
15812,0.573179,1,MEDIUM
15813,0.353019,0,MEDIUM
15815,0.194512,0,LOW
15819,0.309161,0,LOW
15820,0.713659,1,HIGH
15822,0.749387,1,HIGH
15823,0.7941,1,HIGH
15826,0.572027,1,MEDIUM
15827,0.074566,0,LOW
15831,0.737987,1,HIGH
15832,0.664963,1,HIGH
15834,0.548765,1,MEDIUM
15835,0.510015,1,MEDIUM
15838,0.063932,0,LOW
15841,0.559959,1,MEDIUM
15843,0.701197,1,HIGH
15845,0.193624,0,LOW
15847,0.750218,1,HIGH
15852,0.609125,1,MEDIUM
15854,0.060058,0,LOW
15855,0.261522,0,LOW
15856,0.038639,0,LOW
15858,0.495571,0,MEDIUM
15860,0.538254,1,MEDIUM
15861,0.645565,1,MEDIUM
15862,0.500381,1,MEDIUM
15863,0.610291,1,MEDIUM
15864,0.769334,1,HIGH
15865,0.606361,1,MEDIUM
15867,0.026969,0,LOW
15869,0.760542,1,HIGH
15874,0.129827,0,LOW
15880,0.620587,1,MEDIUM
15881,0.540647,1,MEDIUM
15882,0.645167,1,MEDIUM
15885,0.769126,1,HIGH
15889,0.70519,1,HIGH
15891,0.597673,1,MEDIUM
15894,0.64404,1,MEDIUM
15897,0.60025,1,MEDIUM
15898,0.307863,0,LOW
15899,0.736221,1,HIGH
15903,0.512697,1,MEDIUM
15906,0.364916,0,MEDIUM
15907,0.577558,1,MEDIUM
15910,0.07694,0,LOW
15912,0.73623,1,HIGH
15916,0.368109,0,MEDIUM
15917,0.668393,1,HIGH
15918,0.709208,1,HIGH
15919,0.698843,1,HIGH
15922,0.764427,1,HIGH
15923,0.736669,1,HIGH
15925,0.633023,1,MEDIUM
15932,0.156733,0,LOW
15935,0.549268,1,MEDIUM
15938,0.161681,0,LOW
15939,0.072612,0,LOW
15940,0.779103,1,HIGH
15944,0.695558,1,HIGH
15945,0.769417,1,HIGH
15950,0.711288,1,HIGH
15951,0.66504,1,HIGH
15952,0.672441,1,HIGH
15953,0.165146,0,LOW
15955,0.315034,0,LOW
15965,0.751723,1,HIGH
15967,0.679297,1,HIGH
15970,0.720745,1,HIGH
15971,0.31174,0,LOW
15973,0.748374,1,HIGH
15974,0.216629,0,LOW
15976,0.631823,1,MEDIUM
15980,0.713457,1,HIGH
15981,0.136478,0,LOW
15983,0.500936,1,MEDIUM
15984,0.124171,0,LOW
15985,0.632718,1,MEDIUM
15987,0.429857,0,MEDIUM
15990,0.725616,1,HIGH
15996,0.335409,0,LOW
15998,0.247991,0,LOW
16003,0.744601,1,HIGH
16005,0.620651,1,MEDIUM
16006,0.64137,1,MEDIUM
16007,0.509137,1,MEDIUM
16008,0.601117,1,MEDIUM
16010,0.490132,0,MEDIUM
16011,0.187663,0,LOW
16013,0.036108,0,LOW
16014,0.698749,1,HIGH
16016,0.315454,0,LOW
16019,0.086543,0,LOW
16022,0.621312,1,MEDIUM
16023,0.443306,0,MEDIUM
16027,0.396289,0,MEDIUM
16029,0.008611,0,LOW
16030,0.686139,1,HIGH
16031,0.674422,1,HIGH
16033,0.011993,0,LOW
16034,0.415053,0,MEDIUM
16036,0.708454,1,HIGH
16037,0.302593,0,LOW
16038,0.575031,1,MEDIUM
16040,0.649074,1,MEDIUM
16042,0.753893,1,HIGH
16043,0.29935,0,LOW
16045,0.424669,0,MEDIUM
16048,0.788048,1,HIGH
16055,0.600145,1,MEDIUM
16057,0.377149,0,MEDIUM
16059,0.259686,0,LOW
16062,0.632263,1,MEDIUM
16063,0.700191,1,HIGH
16065,0.671362,1,HIGH
16072,0.718906,1,HIGH
16073,0.759943,1,HIGH
16076,0.600308,1,MEDIUM
16078,0.693006,1,HIGH
16080,0.735954,1,HIGH
16081,0.546012,1,MEDIUM
16083,0.722543,1,HIGH
16084,0.710517,1,HIGH
16085,0.539302,1,MEDIUM
16086,0.294183,0,LOW
16091,0.575964,1,MEDIUM
16092,0.498948,0,MEDIUM
16094,0.636279,1,MEDIUM
16096,0.695947,1,HIGH
16097,0.701685,1,HIGH
16098,0.259182,0,LOW
16099,0.61414,1,MEDIUM
16103,0.508879,1,MEDIUM
16105,0.666351,1,HIGH
16109,0.467851,0,MEDIUM
16110,0.305622,0,LOW
16112,0.592727,1,MEDIUM
16115,0.215087,0,LOW
16116,0.591496,1,MEDIUM
16121,0.515569,1,MEDIUM
16122,0.537666,1,MEDIUM
16124,0.744742,1,HIGH
16125,0.776546,1,HIGH
16126,0.694907,1,HIGH
16128,0.700488,1,HIGH
16131,0.25498,0,LOW
16133,0.035381,0,LOW
16134,0.757224,1,HIGH
16135,0.685363,1,HIGH
16136,0.677635,1,HIGH
16139,0.602648,1,MEDIUM
16140,0.774787,1,HIGH
16142,0.630304,1,MEDIUM
16143,0.194264,0,LOW
16144,0.687746,1,HIGH
16145,0.147328,0,LOW
16146,0.296273,0,LOW
16148,0.747871,1,HIGH
16150,0.535087,1,MEDIUM
16152,0.656565,1,HIGH
16153,0.577642,1,MEDIUM
16156,0.207605,0,LOW
16159,0.706956,1,HIGH
16161,0.022944,0,LOW
16162,0.74401,1,HIGH
16163,0.736836,1,HIGH
16168,0.058073,0,LOW
16170,0.451874,0,MEDIUM
16172,0.680277,1,HIGH
16175,0.35649,0,MEDIUM
16180,0.263499,0,LOW
16182,0.518022,1,MEDIUM
16184,0.642534,1,MEDIUM
16185,0.65923,1,HIGH
16186,0.326189,0,LOW
16187,0.149832,0,LOW
16188,0.507201,1,MEDIUM
16191,0.180915,0,LOW
16193,0.646209,1,MEDIUM
16202,0.713318,1,HIGH
16203,0.737228,1,HIGH
16206,0.534673,1,MEDIUM
16208,0.679415,1,HIGH
16209,0.69409,1,HIGH
16210,0.087241,0,LOW
16212,0.688487,1,HIGH
16214,0.445553,0,MEDIUM
16216,0.705817,1,HIGH
16217,0.555019,1,MEDIUM
16218,0.339143,0,LOW
16221,0.54872,1,MEDIUM
16222,0.565122,1,MEDIUM
16224,0.522507,1,MEDIUM
16225,0.623803,1,MEDIUM
16226,0.328907,0,LOW
16227,0.698685,1,HIGH
16229,0.601934,1,MEDIUM
16230,0.657168,1,HIGH
16232,0.628876,1,MEDIUM
16233,0.543064,1,MEDIUM
16235,0.451203,0,MEDIUM
16241,0.096125,0,LOW
16242,0.481128,0,MEDIUM
16244,0.513221,1,MEDIUM
16245,0.627068,1,MEDIUM
16249,0.441162,0,MEDIUM
16250,0.524297,1,MEDIUM
16253,0.643569,1,MEDIUM
16255,0.179045,0,LOW
16256,0.698599,1,HIGH
16258,0.628256,1,MEDIUM
16261,0.715596,1,HIGH
16265,0.190691,0,LOW
16266,0.455178,0,MEDIUM
16270,0.705552,1,HIGH
16271,0.774442,1,HIGH
16274,0.712413,1,HIGH
16275,0.577549,1,MEDIUM
16282,0.725224,1,HIGH
16283,0.578151,1,MEDIUM
16293,0.240754,0,LOW
16297,0.638922,1,MEDIUM
16303,0.725548,1,HIGH
16306,0.123712,0,LOW
16308,0.448108,0,MEDIUM
16309,0.659868,1,HIGH
16315,0.71619,1,HIGH
16316,0.185989,0,LOW
16317,0.711163,1,HIGH
16319,0.635734,1,MEDIUM
16320,0.61165,1,MEDIUM
16321,0.517703,1,MEDIUM
16323,0.656025,1,HIGH
16325,0.666543,1,HIGH
16326,0.414477,0,MEDIUM
16327,0.090217,0,LOW
16332,0.743308,1,HIGH
16333,0.038958,0,LOW
16339,0.707677,1,HIGH
16341,0.587374,1,MEDIUM
16348,0.630192,1,MEDIUM
16349,0.712375,1,HIGH
16350,0.683886,1,HIGH
16351,0.713569,1,HIGH
16353,0.085379,0,LOW
16356,0.294054,0,LOW
16357,0.609056,1,MEDIUM
16359,0.096871,0,LOW
16365,0.634362,1,MEDIUM
16367,0.700367,1,HIGH
16369,0.567161,1,MEDIUM
16370,0.646582,1,MEDIUM
16374,0.686082,1,HIGH
16377,0.730241,1,HIGH
16378,0.423643,0,MEDIUM
16383,0.654653,1,HIGH
16384,0.655456,1,HIGH
16385,0.736523,1,HIGH
16386,0.699574,1,HIGH
16387,0.723002,1,HIGH
16389,0.516812,1,MEDIUM
16392,0.654277,1,HIGH
16393,0.135153,0,LOW
16394,0.389295,0,MEDIUM
16395,0.514014,1,MEDIUM
16398,0.577359,1,MEDIUM
16399,0.664101,1,HIGH
16401,0.111455,0,LOW
16402,0.587714,1,MEDIUM
16403,0.729376,1,HIGH
16405,0.656046,1,HIGH
16407,0.140198,0,LOW
16409,0.433285,0,MEDIUM
16411,0.736287,1,HIGH
16414,0.731963,1,HIGH
16418,0.712885,1,HIGH
16419,0.515736,1,MEDIUM
16422,0.006683,0,LOW
16425,0.726183,1,HIGH
16426,0.741382,1,HIGH
16427,0.54023,1,MEDIUM
16431,0.515405,1,MEDIUM
16434,0.257242,0,LOW
16440,0.588358,1,MEDIUM
16441,0.762077,1,HIGH
16442,0.50215,1,MEDIUM
16444,0.4308,0,MEDIUM
16446,0.594269,1,MEDIUM
16448,0.652266,1,HIGH
16449,0.440882,0,MEDIUM
16455,0.192479,0,LOW
16456,0.236379,0,LOW
16457,0.646514,1,MEDIUM
16458,0.090543,0,LOW
16462,0.681459,1,HIGH
16463,0.632595,1,MEDIUM
16466,0.491249,0,MEDIUM
16469,0.645119,1,MEDIUM
16470,0.593034,1,MEDIUM
16471,0.667188,1,HIGH
16473,0.510316,1,MEDIUM
16475,0.655915,1,HIGH
16477,0.098708,0,LOW
16483,0.608912,1,MEDIUM
16493,0.40783,0,MEDIUM
16494,0.660554,1,HIGH
16495,0.724429,1,HIGH
16496,0.424099,0,MEDIUM
16497,0.205325,0,LOW
16499,0.575168,1,MEDIUM
16500,0.756196,1,HIGH
16503,0.324117,0,LOW
16509,0.68022,1,HIGH
16510,0.760121,1,HIGH
16511,0.62148,1,MEDIUM
16515,0.492851,0,MEDIUM
16517,0.710067,1,HIGH
16518,0.748088,1,HIGH
16519,0.77478,1,HIGH
16520,0.539959,1,MEDIUM
16523,0.080845,0,LOW
16525,0.014801,0,LOW
16531,0.390109,0,MEDIUM
16532,0.7688,1,HIGH
16539,0.470361,0,MEDIUM
16546,0.596613,1,MEDIUM
16549,0.710288,1,HIGH
16550,0.569228,1,MEDIUM
16551,0.71174,1,HIGH
16552,0.635753,1,MEDIUM
16553,0.07288,0,LOW
16554,0.579237,1,MEDIUM
16556,0.11852,0,LOW
16558,0.02148,0,LOW
16560,0.750476,1,HIGH
16565,0.786536,1,HIGH
16566,0.481397,0,MEDIUM
16567,0.482783,0,MEDIUM
16570,0.223028,0,LOW
16571,0.647041,1,MEDIUM
16572,0.692438,1,HIGH
16573,0.736768,1,HIGH
16583,0.748749,1,HIGH
16584,0.698714,1,HIGH
16586,0.668669,1,HIGH
16587,0.715092,1,HIGH
16592,0.188997,0,LOW
16593,0.728238,1,HIGH
16596,0.792409,1,HIGH
16598,0.681484,1,HIGH
16600,0.502527,1,MEDIUM
16607,0.058106,0,LOW
16609,0.189319,0,LOW
16610,0.650991,1,HIGH
16612,0.692709,1,HIGH
16617,0.66935,1,HIGH
16618,0.223027,0,LOW
16619,0.644517,1,MEDIUM
16620,0.680109,1,HIGH
16621,0.464663,0,MEDIUM
16623,0.678008,1,HIGH
16624,0.625134,1,MEDIUM
16625,0.689115,1,HIGH
16626,0.64984,1,MEDIUM
16628,0.248978,0,LOW
16633,0.6876,1,HIGH
16634,0.660142,1,HIGH
16637,0.645616,1,MEDIUM
16638,0.123594,0,LOW
16639,0.389458,0,MEDIUM
16642,0.616776,1,MEDIUM
16643,0.619664,1,MEDIUM
16644,0.550736,1,MEDIUM
16647,0.582707,1,MEDIUM
16652,0.25552,0,LOW
16654,0.716716,1,HIGH
16655,0.672472,1,HIGH
16656,0.04907,0,LOW
16657,0.598579,1,MEDIUM
16658,0.762992,1,HIGH
16660,0.55839,1,MEDIUM
16665,0.75571,1,HIGH
16667,0.692147,1,HIGH
16668,0.4718,0,MEDIUM
16670,0.121655,0,LOW
16672,0.153889,0,LOW
16676,0.337933,0,LOW
16678,0.116551,0,LOW
16679,0.768568,1,HIGH
16681,0.190028,0,LOW
16684,0.016211,0,LOW
16686,0.05191,0,LOW
16690,0.584106,1,MEDIUM
16692,0.576523,1,MEDIUM
16693,0.662648,1,HIGH
16696,0.311478,0,LOW
16697,0.732618,1,HIGH
16698,0.473883,0,MEDIUM
16700,0.021847,0,LOW
16701,0.095608,0,LOW
16705,0.126952,0,LOW
16709,0.241837,0,LOW
16710,0.068557,0,LOW
16711,0.594497,1,MEDIUM
16712,0.285286,0,LOW
16713,0.087154,0,LOW
16714,0.46991,0,MEDIUM
16716,0.446633,0,MEDIUM
16717,0.784017,1,HIGH
16718,0.707375,1,HIGH
16719,0.163644,0,LOW
16721,0.704511,1,HIGH
16722,0.108285,0,LOW
16725,0.257082,0,LOW
16726,0.290101,0,LOW
16727,0.715016,1,HIGH
16728,0.351559,0,MEDIUM
16729,0.111069,0,LOW
16730,0.534809,1,MEDIUM
16735,0.569587,1,MEDIUM
16738,0.693423,1,HIGH
16743,0.271108,0,LOW
16745,0.059128,0,LOW
16746,0.017318,0,LOW
16748,0.328559,0,LOW
16750,0.730191,1,HIGH
16752,0.755414,1,HIGH
16754,0.784651,1,HIGH
16755,0.439221,0,MEDIUM
16756,0.585922,1,MEDIUM
16757,0.715306,1,HIGH
16763,0.584555,1,MEDIUM
16765,0.758446,1,HIGH
16766,0.682576,1,HIGH
16767,0.196052,0,LOW
16768,0.647799,1,MEDIUM
16769,0.677019,1,HIGH
16770,0.258305,0,LOW
16771,0.187469,0,LOW
16775,0.178545,0,LOW
16777,0.666453,1,HIGH
16778,0.745832,1,HIGH
16779,0.033584,0,LOW
16780,0.743554,1,HIGH
16781,0.765506,1,HIGH
16782,0.061937,0,LOW
16788,0.623524,1,MEDIUM
16791,0.239427,0,LOW
16792,0.737556,1,HIGH
16795,0.694647,1,HIGH
16801,0.305313,0,LOW
16804,0.72489,1,HIGH
16805,0.68891,1,HIGH
16806,0.399474,0,MEDIUM
16807,0.380144,0,MEDIUM
16808,0.768239,1,HIGH
16809,0.384062,0,MEDIUM
16810,0.642996,1,MEDIUM
16812,0.743238,1,HIGH
16813,0.499373,0,MEDIUM
16814,0.027218,0,LOW
16816,0.579376,1,MEDIUM
16817,0.123584,0,LOW
16818,0.327582,0,LOW
16823,0.680927,1,HIGH
16832,0.516676,1,MEDIUM
16833,0.449061,0,MEDIUM
16834,0.619518,1,MEDIUM
16835,0.80648,1,HIGH
16837,0.16637,0,LOW
16838,0.518299,1,MEDIUM
16839,0.027968,0,LOW
16841,0.423897,0,MEDIUM
16842,0.714203,1,HIGH
16843,0.080384,0,LOW
16850,0.709942,1,HIGH
16858,0.722983,1,HIGH
16859,0.693892,1,HIGH
16863,0.706359,1,HIGH
16871,0.258034,0,LOW
16873,0.236668,0,LOW
16875,0.480357,0,MEDIUM
16877,0.634584,1,MEDIUM
16882,0.598958,1,MEDIUM
16883,0.721125,1,HIGH
16885,0.772162,1,HIGH
16889,0.190376,0,LOW
16891,0.664288,1,HIGH
16893,0.700695,1,HIGH
16897,0.399908,0,MEDIUM
16898,0.722817,1,HIGH
16899,0.610005,1,MEDIUM
16904,0.045787,0,LOW
16905,0.300743,0,LOW
16906,0.456208,0,MEDIUM
16907,0.32862,0,LOW
16912,0.244942,0,LOW
16913,0.712758,1,HIGH
16915,0.474596,0,MEDIUM
16916,0.710761,1,HIGH
16917,0.699987,1,HIGH
16918,0.747013,1,HIGH
16919,0.088507,0,LOW
16923,0.022996,0,LOW
16926,0.759375,1,HIGH
16927,0.604683,1,MEDIUM
16928,0.083437,0,LOW
16931,0.007191,0,LOW
16933,0.687322,1,HIGH
16938,0.684805,1,HIGH
16940,0.597597,1,MEDIUM
16942,0.332577,0,LOW
16943,0.283911,0,LOW
16945,0.112583,0,LOW
16947,0.631871,1,MEDIUM
16948,0.51686,1,MEDIUM
16949,0.333282,0,LOW
16950,0.788749,1,HIGH
16951,0.652606,1,HIGH
16954,0.458942,0,MEDIUM
16955,0.512613,1,MEDIUM
16957,0.469729,0,MEDIUM
16960,0.631909,1,MEDIUM
16965,0.65075,1,HIGH
16966,0.336747,0,LOW
16976,0.757595,1,HIGH
16979,0.682941,1,HIGH
16980,0.38905,0,MEDIUM
16983,0.310013,0,LOW
16985,0.134914,0,LOW
16987,0.64207,1,MEDIUM
16990,0.595638,1,MEDIUM
16992,0.438218,0,MEDIUM
16996,0.442162,0,MEDIUM
16997,0.415431,0,MEDIUM
16998,0.610594,1,MEDIUM
17001,0.06282,0,LOW
17002,0.498033,0,MEDIUM
17007,0.45557,0,MEDIUM
17017,0.056615,0,LOW
17018,0.693916,1,HIGH
17019,0.24646,0,LOW
17025,0.79104,1,HIGH
17026,0.746679,1,HIGH
17027,0.345751,0,LOW
17029,0.663858,1,HIGH
17033,0.620286,1,MEDIUM
17034,0.690774,1,HIGH
17035,0.54732,1,MEDIUM
17041,0.724854,1,HIGH
17042,0.358304,0,MEDIUM
17043,0.719595,1,HIGH
17045,0.715818,1,HIGH
17047,0.627333,1,MEDIUM
17048,0.475971,0,MEDIUM
17049,0.360123,0,MEDIUM
17050,0.173902,0,LOW
17051,0.571258,1,MEDIUM
17054,0.337309,0,LOW
17058,0.317075,0,LOW
17059,0.1466,0,LOW
17060,0.718733,1,HIGH
17061,0.205346,0,LOW
17062,0.429143,0,MEDIUM
17063,0.710039,1,HIGH
17064,0.74409,1,HIGH
17068,0.046303,0,LOW
17069,0.335888,0,LOW
17071,0.272851,0,LOW
17075,0.313479,0,LOW
17076,0.571318,1,MEDIUM
17080,0.715145,1,HIGH
17082,0.728972,1,HIGH
17083,0.599868,1,MEDIUM
17085,0.240726,0,LOW
17088,0.590962,1,MEDIUM
17090,0.305406,0,LOW
17091,0.235789,0,LOW
17092,0.73044,1,HIGH
17094,0.732239,1,HIGH
17095,0.478029,0,MEDIUM
17096,0.697716,1,HIGH
17097,0.521327,1,MEDIUM
17102,0.688976,1,HIGH
17105,0.688579,1,HIGH
17107,0.250056,0,LOW
17109,0.657666,1,HIGH
17114,0.132984,0,LOW
17115,0.696767,1,HIGH
17117,0.721295,1,HIGH
17118,0.721049,1,HIGH
17120,0.708987,1,HIGH
17126,0.424146,0,MEDIUM
17128,0.715778,1,HIGH
17133,0.515634,1,MEDIUM
17134,0.662872,1,HIGH
17135,0.580712,1,MEDIUM
17138,0.67805,1,HIGH
17139,0.086485,0,LOW
17140,0.699099,1,HIGH
17142,0.755039,1,HIGH
17146,0.606722,1,MEDIUM
17147,0.481936,0,MEDIUM
17152,0.457358,0,MEDIUM
17158,0.581835,1,MEDIUM
17160,0.495915,0,MEDIUM
17162,0.29061,0,LOW
17164,0.350209,0,MEDIUM
17165,0.749292,1,HIGH
17166,0.566895,1,MEDIUM
17171,0.744375,1,HIGH
17174,0.627534,1,MEDIUM
17175,0.714718,1,HIGH
17176,0.595355,1,MEDIUM
17179,0.629911,1,MEDIUM
17180,0.514836,1,MEDIUM
17181,0.761835,1,HIGH
17187,0.678562,1,HIGH
17188,0.467932,0,MEDIUM
17189,0.761297,1,HIGH
17190,0.719192,1,HIGH
17191,0.553784,1,MEDIUM
17194,0.623083,1,MEDIUM
17198,0.566226,1,MEDIUM
17204,0.423232,0,MEDIUM
17211,0.222733,0,LOW
17212,0.774245,1,HIGH
17213,0.396382,0,MEDIUM
17214,0.293676,0,LOW
17217,0.743063,1,HIGH
17218,0.207707,0,LOW
17220,0.077089,0,LOW
17223,0.580363,1,MEDIUM
17226,0.695161,1,HIGH
17227,0.636344,1,MEDIUM
17228,0.194968,0,LOW
17230,0.271916,0,LOW
17231,0.050662,0,LOW
17235,0.764844,1,HIGH
17236,0.19487,0,LOW
17238,0.048593,0,LOW
17239,0.679302,1,HIGH
17243,0.080642,0,LOW
17245,0.596684,1,MEDIUM
17250,0.723667,1,HIGH
17251,0.684097,1,HIGH
17255,0.698855,1,HIGH
17256,0.741382,1,HIGH
17259,0.656307,1,HIGH
17262,0.478805,0,MEDIUM
17263,0.611795,1,MEDIUM
17268,0.496552,0,MEDIUM
17272,0.401644,0,MEDIUM
17277,0.538495,1,MEDIUM
17278,0.694417,1,HIGH
17282,0.582564,1,MEDIUM
17284,0.347179,0,LOW
17287,0.281274,0,LOW
17288,0.102118,0,LOW
17291,0.753613,1,HIGH
17293,0.599696,1,MEDIUM
17302,0.485127,0,MEDIUM
17303,0.695322,1,HIGH
17306,0.081192,0,LOW
17311,0.679117,1,HIGH
17314,0.351896,0,MEDIUM
17315,0.011322,0,LOW
17320,0.660622,1,HIGH
17323,0.446005,0,MEDIUM
17324,0.550058,1,MEDIUM
17325,0.727523,1,HIGH
17329,0.746407,1,HIGH
17334,0.530196,1,MEDIUM
17337,0.02486,0,LOW
17338,0.029019,0,LOW
17339,0.775438,1,HIGH
17340,0.110045,0,LOW
17341,0.566469,1,MEDIUM
17343,0.751756,1,HIGH
17345,0.603448,1,MEDIUM
17346,0.089131,0,LOW
17348,0.650212,1,HIGH
17351,0.761048,1,HIGH
17356,0.700504,1,HIGH
17358,0.51026,1,MEDIUM
17361,0.689929,1,HIGH
17362,0.490935,0,MEDIUM
17364,0.054676,0,LOW
17365,0.13428,0,LOW
17367,0.675429,1,HIGH
17368,0.431308,0,MEDIUM
17371,0.778658,1,HIGH
17372,0.181716,0,LOW
17373,0.696647,1,HIGH
17374,0.41672,0,MEDIUM
17375,0.345011,0,LOW
17376,0.743157,1,HIGH
17377,0.198887,0,LOW
17381,0.013455,0,LOW
17384,0.695629,1,HIGH
17388,0.524329,1,MEDIUM
17389,0.063884,0,LOW
17392,0.464923,0,MEDIUM
17394,0.653609,1,HIGH
17396,0.733592,1,HIGH
17398,0.444287,0,MEDIUM
17400,0.293441,0,LOW
17402,0.442163,0,MEDIUM
17404,0.047002,0,LOW
17406,0.390585,0,MEDIUM
17409,0.749746,1,HIGH
17410,0.647152,1,MEDIUM
17411,0.70127,1,HIGH
17412,0.31967,0,LOW
17416,0.190134,0,LOW
17418,0.711789,1,HIGH
17419,0.079077,0,LOW
17420,0.72589,1,HIGH
17422,0.413711,0,MEDIUM
17423,0.592126,1,MEDIUM
17426,0.685016,1,HIGH
17428,0.020851,0,LOW
17429,0.57863,1,MEDIUM
17430,0.764286,1,HIGH
17431,0.683332,1,HIGH
17436,0.67626,1,HIGH
17438,0.660159,1,HIGH
17440,0.707818,1,HIGH
17442,0.461771,0,MEDIUM
17443,0.625914,1,MEDIUM
17446,0.751356,1,HIGH
17449,0.171513,0,LOW
17450,0.005125,0,LOW
17454,0.133163,0,LOW
17455,0.622974,1,MEDIUM
17456,0.768362,1,HIGH
17457,0.141689,0,LOW
17460,0.201903,0,LOW
17462,0.758021,1,HIGH
17463,0.439645,0,MEDIUM
17469,0.56287,1,MEDIUM
17470,0.286123,0,LOW
17472,0.435632,0,MEDIUM
17486,0.701619,1,HIGH
17489,0.602506,1,MEDIUM
17491,0.308078,0,LOW
17492,0.728952,1,HIGH
17496,0.701363,1,HIGH
17499,0.624294,1,MEDIUM
17501,0.585662,1,MEDIUM
17504,0.060574,0,LOW
17505,0.557117,1,MEDIUM
17507,0.336647,0,LOW
17508,0.649293,1,MEDIUM
17511,0.001223,0,LOW
17512,0.15254,0,LOW
17515,0.2869,0,LOW
17516,0.387639,0,MEDIUM
17517,0.710718,1,HIGH
17519,0.281006,0,LOW
17521,0.657099,1,HIGH
17522,0.398942,0,MEDIUM
17524,0.77027,1,HIGH
17525,0.749665,1,HIGH
17526,0.515204,1,MEDIUM
17527,0.653342,1,HIGH
17530,0.065958,0,LOW
17535,0.739126,1,HIGH
17537,0.659081,1,HIGH
17540,0.747983,1,HIGH
17542,0.669339,1,HIGH
17548,0.69136,1,HIGH
17550,0.441373,0,MEDIUM
17551,0.726282,1,HIGH
17552,0.808488,1,HIGH
17555,0.663379,1,HIGH
17556,0.601812,1,MEDIUM
17560,0.452214,0,MEDIUM
17567,0.132981,0,LOW
17569,0.729649,1,HIGH
17571,0.480684,0,MEDIUM
17572,0.711931,1,HIGH
17574,0.658903,1,HIGH
17576,0.051812,0,LOW
17578,0.711185,1,HIGH
17580,0.366937,0,MEDIUM
17581,0.095404,0,LOW
17582,0.655699,1,HIGH
17585,0.542121,1,MEDIUM
17588,0.664959,1,HIGH
17589,0.606766,1,MEDIUM
17591,0.079857,0,LOW
17593,0.697567,1,HIGH
17594,0.662155,1,HIGH
17596,0.564752,1,MEDIUM
17597,0.553902,1,MEDIUM
17601,0.755044,1,HIGH
17602,0.633793,1,MEDIUM
17604,0.470664,0,MEDIUM
17609,0.424556,0,MEDIUM
17611,0.013402,0,LOW
17612,0.433239,0,MEDIUM
17613,0.058973,0,LOW
17615,0.319481,0,LOW
17616,0.635745,1,MEDIUM
17618,0.591657,1,MEDIUM
17619,0.649033,1,MEDIUM
17621,0.602574,1,MEDIUM
17624,0.670785,1,HIGH
17625,0.550256,1,MEDIUM
17629,0.286788,0,LOW
17630,0.695944,1,HIGH
17631,0.680963,1,HIGH
17634,0.075614,0,LOW
17639,0.74509,1,HIGH
17643,0.774937,1,HIGH
17644,0.332699,0,LOW
17646,0.25242,0,LOW
17648,0.377894,0,MEDIUM
17652,0.373534,0,MEDIUM
17654,0.703026,1,HIGH
17655,0.196211,0,LOW
17658,0.666269,1,HIGH
17659,0.200645,0,LOW
17663,0.246674,0,LOW
17664,0.628838,1,MEDIUM
17667,0.312742,0,LOW
17669,0.292509,0,LOW
17670,0.641546,1,MEDIUM
17671,0.607451,1,MEDIUM
17672,0.698269,1,HIGH
17673,0.370255,0,MEDIUM
17674,0.725746,1,HIGH
17675,0.020583,0,LOW
17676,0.753293,1,HIGH
17677,0.03212,0,LOW
17678,0.678167,1,HIGH
17682,0.271566,0,LOW
17685,0.188453,0,LOW
17686,0.298181,0,LOW
17690,0.063004,0,LOW
17691,0.550761,1,MEDIUM
17692,0.298717,0,LOW
17696,0.546818,1,MEDIUM
17697,0.697316,1,HIGH
17698,0.687573,1,HIGH
17700,0.421067,0,MEDIUM
17701,0.681721,1,HIGH
17702,0.638573,1,MEDIUM
17704,0.645435,1,MEDIUM
17705,0.213835,0,LOW
17706,0.509472,1,MEDIUM
17707,0.754364,1,HIGH
17708,0.682525,1,HIGH
17711,0.69464,1,HIGH
17714,0.687931,1,HIGH
17715,0.630149,1,MEDIUM
17716,0.295876,0,LOW
17718,0.700886,1,HIGH
17719,0.156094,0,LOW
17720,0.680398,1,HIGH
17722,0.455421,0,MEDIUM
17723,0.504633,1,MEDIUM
17725,0.179913,0,LOW
17730,0.155852,0,LOW
17732,0.711604,1,HIGH
17733,0.659307,1,HIGH
17734,0.661163,1,HIGH
17735,0.013946,0,LOW
17738,0.719397,1,HIGH
17739,0.347804,0,LOW
17742,0.709381,1,HIGH
17744,0.25011,0,LOW
17746,0.718838,1,HIGH
17749,0.687662,1,HIGH
17752,0.791635,1,HIGH
17754,0.681405,1,HIGH
17757,0.021899,0,LOW
17758,0.322371,0,LOW
17760,0.782894,1,HIGH
17763,0.732708,1,HIGH
17764,0.666062,1,HIGH
17765,0.408265,0,MEDIUM
17769,0.38441,0,MEDIUM
17770,0.343299,0,LOW
17771,0.730159,1,HIGH
17774,0.478635,0,MEDIUM
17775,0.677248,1,HIGH
17781,0.778759,1,HIGH
17783,0.638884,1,MEDIUM
17786,0.723873,1,HIGH
17787,0.284891,0,LOW
17789,0.718905,1,HIGH
17790,0.083542,0,LOW
17795,0.676642,1,HIGH
17796,0.406653,0,MEDIUM
17799,0.121091,0,LOW
17800,0.300117,0,LOW
17802,0.759341,1,HIGH
17809,0.187412,0,LOW
17811,0.01432,0,LOW
17812,0.757935,1,HIGH
17816,0.684821,1,HIGH
17817,0.76627,1,HIGH
17819,0.137769,0,LOW
17827,0.366462,0,MEDIUM
17829,0.695792,1,HIGH
17830,0.488442,0,MEDIUM
17838,0.471902,0,MEDIUM
17841,6.4e-05,0,LOW
17843,0.71626,1,HIGH
17848,0.218223,0,LOW
17849,0.19619,0,LOW
17850,0.688892,1,HIGH
17854,0.722071,1,HIGH
17855,0.709655,1,HIGH
17856,0.441602,0,MEDIUM
17857,0.053027,0,LOW
17858,0.211498,0,LOW
17859,0.677731,1,HIGH
17860,0.695558,1,HIGH
17861,0.499926,0,MEDIUM
17862,0.727745,1,HIGH
17863,0.268165,0,LOW
17864,0.663297,1,HIGH
17865,0.048976,0,LOW
17867,0.53157,1,MEDIUM
17869,0.427411,0,MEDIUM
17870,0.720372,1,HIGH
17871,0.605726,1,MEDIUM
17873,0.454851,0,MEDIUM
17874,0.434608,0,MEDIUM
17880,0.704145,1,HIGH
17881,0.775723,1,HIGH
17883,0.757664,1,HIGH
17884,0.381863,0,MEDIUM
17886,0.364583,0,MEDIUM
17888,0.363719,0,MEDIUM
17889,0.620704,1,MEDIUM
17890,0.39653,0,MEDIUM
17893,0.680163,1,HIGH
17894,0.212122,0,LOW
17897,0.535693,1,MEDIUM
17898,0.667682,1,HIGH
17905,0.629112,1,MEDIUM
17906,0.746862,1,HIGH
17908,0.68334,1,HIGH
17912,0.431809,0,MEDIUM
17913,0.687101,1,HIGH
17917,0.523774,1,MEDIUM
17920,0.081729,0,LOW
17921,0.663221,1,HIGH
17923,0.758803,1,HIGH
17924,0.613783,1,MEDIUM
17925,0.74573,1,HIGH
17926,0.578661,1,MEDIUM
17928,0.749422,1,HIGH
17929,0.569387,1,MEDIUM
17930,0.732388,1,HIGH
17931,0.631854,1,MEDIUM
17932,0.587947,1,MEDIUM
17937,0.298891,0,LOW
17940,0.085982,0,LOW
17946,0.520524,1,MEDIUM
17949,0.02932,0,LOW
17950,0.746916,1,HIGH
17951,0.681779,1,HIGH
17954,0.043906,0,LOW
17955,0.408806,0,MEDIUM
17956,0.722221,1,HIGH
17961,0.009956,0,LOW
17964,0.728979,1,HIGH
17965,0.084458,0,LOW
17966,0.753255,1,HIGH
17967,0.696538,1,HIGH
17968,0.660286,1,HIGH
17969,0.777744,1,HIGH
17970,0.697454,1,HIGH
17972,0.660002,1,HIGH
17974,0.606964,1,MEDIUM
17975,0.038116,0,LOW
17976,0.701374,1,HIGH
17978,0.762073,1,HIGH
17979,0.614347,1,MEDIUM
17980,0.657432,1,HIGH
17988,0.713442,1,HIGH
17990,0.565417,1,MEDIUM
17991,0.612047,1,MEDIUM
17994,0.414001,0,MEDIUM
17995,0.721442,1,HIGH
17999,0.743777,1,HIGH
18004,0.713269,1,HIGH
18008,0.152923,0,LOW
18009,0.665977,1,HIGH
18010,0.688198,1,HIGH
18011,0.778819,1,HIGH
18016,0.573634,1,MEDIUM
18017,0.74799,1,HIGH
18018,0.644167,1,MEDIUM
18032,0.759113,1,HIGH
18036,0.636065,1,MEDIUM
18037,0.280245,0,LOW
18040,0.643058,1,MEDIUM
18041,0.018892,0,LOW
18043,0.550572,1,MEDIUM
18044,0.101043,0,LOW
18048,0.655422,1,HIGH
18050,0.769974,1,HIGH
18055,0.127,0,LOW
18056,0.719795,1,HIGH
18061,0.078076,0,LOW
18062,0.544284,1,MEDIUM
18064,0.734234,1,HIGH
18065,0.260538,0,LOW
18068,0.747474,1,HIGH
18069,0.395274,0,MEDIUM
18071,0.604501,1,MEDIUM
18073,0.407605,0,MEDIUM
18074,0.720898,1,HIGH
18075,0.085076,0,LOW
18077,0.300492,0,LOW
18078,0.473901,0,MEDIUM
18079,0.625522,1,MEDIUM
18080,0.688942,1,HIGH
18085,0.552002,1,MEDIUM
18086,0.721117,1,HIGH
18087,0.693876,1,HIGH
18092,0.298725,0,LOW
18093,0.568963,1,MEDIUM
18094,0.196752,0,LOW
18095,0.643304,1,MEDIUM
18097,0.348614,0,LOW
18102,0.018368,0,LOW
18106,0.70127,1,HIGH
18108,0.695079,1,HIGH
18109,0.022124,0,LOW
18113,0.760653,1,HIGH
18114,0.697209,1,HIGH
18116,0.093844,0,LOW
18118,0.005476,0,LOW
18119,0.711658,1,HIGH
18120,0.630624,1,MEDIUM
18125,0.163204,0,LOW
18129,0.696803,1,HIGH
18133,0.660272,1,HIGH
18136,0.531336,1,MEDIUM
18138,0.739831,1,HIGH
18142,0.614883,1,MEDIUM
18144,0.120713,0,LOW
18145,0.438675,0,MEDIUM
18146,0.692154,1,HIGH
18149,0.513877,1,MEDIUM
18150,0.569437,1,MEDIUM
18151,0.653939,1,HIGH
18155,0.690405,1,HIGH
18156,0.680672,1,HIGH
18159,0.727342,1,HIGH
18160,0.616981,1,MEDIUM
18161,0.480589,0,MEDIUM
18168,0.094068,0,LOW
18170,0.669382,1,HIGH
18171,0.54682,1,MEDIUM
18172,0.075634,0,LOW
18173,0.232645,0,LOW
18176,0.74933,1,HIGH
18177,0.168348,0,LOW
18178,0.227448,0,LOW
18179,0.33203,0,LOW
18183,0.402143,0,MEDIUM
18185,0.698395,1,HIGH
18188,0.72727,1,HIGH
18189,0.62128,1,MEDIUM
18190,0.533484,1,MEDIUM
18191,0.701591,1,HIGH
18196,0.655967,1,HIGH
18198,0.039805,0,LOW
18202,0.508762,1,MEDIUM
18204,0.523743,1,MEDIUM
18210,0.752351,1,HIGH
18211,0.699566,1,HIGH
18212,0.744422,1,HIGH
18213,0.638419,1,MEDIUM
18218,0.522137,1,MEDIUM
18219,0.158309,0,LOW
18220,0.654059,1,HIGH
18221,0.644383,1,MEDIUM
18223,0.054367,0,LOW
18224,0.675483,1,HIGH
18225,0.085963,0,LOW
18226,0.097952,0,LOW
18227,0.640243,1,MEDIUM
18229,0.035407,0,LOW
18230,0.24392,0,LOW
18231,0.081645,0,LOW
18232,0.259988,0,LOW
18233,0.724673,1,HIGH
18235,0.613321,1,MEDIUM
18236,0.65661,1,HIGH
18239,0.115896,0,LOW
18241,0.569332,1,MEDIUM
18242,0.405518,0,MEDIUM
18245,0.203714,0,LOW
18246,0.709549,1,HIGH
18250,0.721696,1,HIGH
18257,0.365139,0,MEDIUM
18259,0.765507,1,HIGH
18260,0.05851,0,LOW
18263,0.677978,1,HIGH
18269,0.762992,1,HIGH
18270,0.708452,1,HIGH
18272,0.354545,0,MEDIUM
18273,0.681581,1,HIGH
18280,0.675554,1,HIGH
18283,0.07001,0,LOW
18287,0.550735,1,MEDIUM
